$ANSIBLE_VAULT;1.1;AES256
38643361663066623535336133613866333236643830643862663732376662623630626530303961
3863393236653030353166656166343134613732303164380a323033383533663864363561313532
62316533363735313338323462383830653838663639366432343437336262643964323239306138
3137626464326461320a316135333962336664336238663233343532336430313564663032326333
31353838613839323361633166666164323231313132613631303135393664666166336332326135
30636533396462376264613563663435313461303831346536633966336332356530633435356261
30393766346639633732333031383532613162343432306232376161343830343431636337363038
34636266636533613464336434306532653139313661363866626232326563633037373431363034
37333435363835353963643065393537653536623530623564623330623865373565393230383464
38353265386465363532306361656162613938643363666230323138613931656435356237653662
61333234313135373564353639643438383938306333353935643433386262353434333032386464
39333764666231316363323165663335303939616164313362323032313238336539336439363764
63613337323163343435376132613939626165663530396363303633383864366365323738666635
62643831303032363065323361313133616534393332343734663136616261663865613263396138
63666535626365376663313634613336313534303136353339666264373134316538623934363139
30333665663065316231626435353962613361636430663364656538313436343533636563373233
62333535353866616562306265313439346333346236303739623763656263353834313265656361
64626632386662346236376163303563386464616531633836326338636564373761353434323066
39356364323036663665336239323738613531383738323636386263636639353935326462363337
36393966646431343231366538356164633133646439636363346334666232653039326462393065
36326438343432613966616463646134626338313161623065653437313639653839356361326137
34383264386361646265656430333135323836373735363433396466626331663130373937356464
61346436643431353736663066666263336534626232386230623465333832366635653831396437
36386566333431366137393734623237616438663432646562626463366334626138663434666538
39303131353434303430336337333938616231643932373035396538326331393665366138666661
63306535653066396262356535383933326334303336653836646236383765343330346537303662
32663865633336396230363462623630633563393363333031316265383339346363613133363431
37313833336134663235376566653961656637306537663761376633373662363935386134333234
64626536636338653432636633666263346664613566383735306366393263623230316462643930
30653233366262373632356565396530626266316338383831666662333637366666316166326234
33316432343930386661306537636164646262636561346531316363653430646632353166376330
38303566303932616566666633656364393639646361366462353062356630386664613136663831
34323566663739663836316464383731313764613164633862666339623635643939386530316233
32633933653263316264373230393231313031323062373039326433333663373264303831613934
34626466313130313764653163316466393562313238646265386439336531306461643831396266
37653364363834613135396433326635663533316639323565653133346134386635303330353534
39653439303536653534383431393463316336376666373263346262393137666136383066393033
36323435303534626337613633303465333865363738636463376466626237333138313037343266
38646431346137626136343166343061623365323133303335326365313435383430393365666131
34323864396635623961343162656331353536393761623838333465333662383961626262313432
61663063336635616130383963326130336131656634303764616638326261626564363236373930
34303465386231633035353961343435633835656462636664623239333233386364323336356564
36376666373136666435643163636463656336623166643437353633306338373930323837393066
31646564666264396462336132656166346466386236383134363537646530376636646530646234
31636463306336303831343663323139343739356662646334363331313633666231346162643863
63663866656362643130323835383136333736393465366132373433663665333937623630366234
34313336343133306362306438356266616433336337393466383831383365666365646166346430
38653261343135383038333762623238356237386664383565623863663134373862653465656330
64346637666462356339393161363335656532356264663339336665663137316363386236316237
39373731366565343262363237303734326262353964396364636563343465383332373739353563
65343837313732666530326337303264643133613732663464653665313237613139623366633763
33623734343766653334393839623034646665303965383666353032376462383363343932383137
30363931653636323264313065336630376264653564663237396665336330376531643964346130
36376535353265643132316534653262633336616132653035396335313762646630393838646361
32626464626261613630626266386633346231393637346337656463343533363665636366666266
35393837636663303463666262383137363263386633393462653334633439306337373761306230
39363961356632343465356561643434353033396538656466336466353535626533636165353465
61303730373234313836363036376164636239323036316634643036363030613961303636353364
32333239666332356230623463353338653239333336613435346565333836326433346131666664
30656331326236613832353065343561396236396561323839363131323538373965366262356265
32623438306335653138306238646666623362343233303730643633323062653833643766313735
36666632393230633166613037383638366564626266383033633866303135623436393738636565
65313362663366363633373735653530643765396334373365643461343330643235313764323662
65323666646165353664366531346534616130343139626437383465373630653234643462336431
31326161323236303961343031633231393438343162366266326335616363343739646335393535
34366337636335616230333730386537666534616261653632643935326466373637303337616236
33323065623334386465633033333330666430613339646164383436323333323237316462313561
38626136376132313630386637633430353534633566656363646434316262336435643361336632
39643761336433623731303238623338303264636636356136323361633938333933393538356339
39313833636530396537373933346533326666353936616365306165313564363565313664356462
37653964633361613433643438626366373262356538333264326535343338663538323163386364
31653165313135653462386530386639316533383036313032303935363634396661396233326162
30376638633562363733356666616665316636623562626364393532303932313933393936636434
37613562356538636137333136333063623962336238376264636265643137313331393937393531
37656437393739313431316262326564633534326566666436313435623633613331363537336363
33373939373563626333636264393131656233666536383436636137333865323464313231393134
33383930333161626664313839386234356666393162343134643161616565633432313562303631
66373233663463303432626430393931633130363461613666663462613231316435333263613636
37653537376461316632383962666361396663663036653434653861656632373662346434363532
66313031633265356464313763393964613131333464393736366438326361393465363166373838
30613063623161666431303662303639353366363733333033633662346531353464646433366437
31646365386633396636663062383763633663653435646263636263613735333661396331333836
31623332376138356332303039316237386562383030653862373031333232346630346635346266
33623035643239353330306464633839383739653634396364356661633037643062373763396531
38613236383666343166646164633763393538336136363161333461363466353738346666383530
61303531353563363732653133306332653466643566336431303866323334393736313061386433
37306135333632336537616138343164633365383064626263313564653062366666396232626663
64636461613337396530643066633738363161613265323236626337373531633862613462643937
66643332633166383833663235663264333333656136653930656339653663376433623131356166
30653665396331393766643431306333393539303638656531373632396164373436373831323232
36316233343735636537613832333666626264373462383233303938396464316239613834653764
33306662386363636437613737656639376261626434363731333061303833663765653938346337
33643730363932333064656161366635326235626335373235633138306238313730373061373964
33633531306464353965343338633531303434663062303430616335373133663865343366363930
33616462626239333439373536306634663565313862386630656161613061346462396131616639
38643830333030386132633632303666383539373133646432323936613065643132626333646239
63323564393637323737633636333162313933386362386666346635653239386666616232353762
38376361393063643364313034353465393438386130356663373266393230373630643962353236
30636436663937636138336339653965643231613965633932326237383735373935613361663037
30346232623134343132386536363039646333343361663831313838363665376331626338653831
62383738653038616330363661626333613966666139613232353661376433366265636137633236
34616432643237346134636661663534623463646361336338353562313864346637656430663562
62353063643664376233353162303030656339313139386538613537646430363533396435613333
31646633393464646564343637313561653561646366643835366130613238353662663137616133
37626234396535386535613732623966363730336332313265393364333735336465353865376335
62393333626563356462643334346339306239613736633233353662383366333463306532386537
36333064363330633130386262616465393532623438373033343536313932393365366332336262
62326233306239646331316364393962663035663834323765393933616634393031653236383339
66623430643065383939643861643039633061326431646236636131303061653438333938326631
35633066623534636664663065616230323636383339643235396262323137353031393030386636
33383766636132626631626131333161626439633534646265616335653632323664353739323665
62333036616335306537643935623961366133396338313038383364396461643534653631333636
32363335643561313338653663313433373734396538386464613431616631343033633031306537
66353138623934313938393937393136386430306132313462663761633034396666663030353864
31313862343834656364303164353063636532336564393637663462346634636134343937386533
31633963613937303636316533653039353635616532663738653534653763323236656630393031
30336332616232653763383935396332393762666135656266373763323439313061343334336464
32373735636430316532623138353736313865646339383063323036393130623732353832373838
62636431363835633562646534646464626139313166363837343537343362356161633463656135
63633231323932623435636362373439366131323661656238643030393664613631636333616132
38336165336433643432393166336335383635636234646335313730303462646534386662633264
35396632336164346430323561626531363031633665666465643766646532353466343764323634
37656263666139636438623139306365623530346565323131623763656365313638613262343966
37653762393637303438623233646365626663626364306638383038373664663663643966356164
65313434386666343438303433346163386435343966383239306435626132313237323938326335
37323436653932356130356634366132646162663733303434316364623565666463353036653033
37363439646362313064336432636335623130653133356466353363313234363738666262616466
31336463393737323832663638633532353032326633656164313862363132366336366333396135
35623766653433623263383133333432646536653363663636643230386261396563346437316235
38316634306332663962336631356633616466353432623035303436393936393738616163333064
63353962636362323639653137303231346137656162633763656637633932383765323835336238
36326264663135373537366330323837356334373435613833653237313331303661303261366139
61346537663963386234366635336363393833633166306235666466666665646631616662353636
34623965656330666631346631363264646466633763386432376237656533383139663838633163
37363832653033613736613361333935383465663761363830313765396262363830656535373536
61353134663135663330383930613061396363346261663264613932646231366439636137373733
30613061653139393737623732656137373263373063343562313261343362633335303537303666
62353266303633656466336130666534653031663531666439313661373835643635303735643834
33613862623830343636353761366531363866316630316463336331633334383536393065656263
32333030666538666235353563323634373261316561366262383230323761626665626335643230
32363264656661363133633931646466333864623164353132363066313734633761663837663462
39386533636532303132353238376332656435303034613331373037663063366261363937636635
31323534323038393238373935343866316239643638343932643338626630313862336466613063
31383663656530613730333938353166616566303039383166663262313336333938346437373538
31333630383435646637313561383362353032623733343133636430353163643633343130333536
61653165626463373864663766643561333039313632343165393233623236336534383138323437
39323335336166616439383665386539626462646466323565666532613835386561633064376462
38393066323763376365653337386337653838666265613562633263393164663464313338653630
63623166656431643139316235353265386261373663623366386664616663633464623461623365
61306135653734643432653732626433363366626662633263666238346661363030653033636336
31346366316534346165616235326539363235316262653464356465386132633333303934363464
33656435396466643736663963633761326432366261376462383636613334393237353964613334
3838
